0.56|4.54|9.18002|-0.12|12.6201|2.3|0.5|
0.56|4.54|9.18002|-0.12|12.6201|2.3|0.5|
0.682224,0,-0.731149,0,0,1,0,0,0.731149,0,0.682224,0,14.1133,0,-5.94128,1|
0.682224,0,-0.731149,0,0,1,0,0,0.731149,0,0.682224,0,14.1133,0,-5.94128,1|
0.56|4.54|9.18002|-0.12|12.6201|2.3|0.5|
0.56|4.54|9.18002|-0.12|12.6201|2.3|0.5|
-0.397889,0,0.91746,0,0,1,0,0,-0.91746,0,-0.397889,0,14.5669,0,-2.85,1|
-0.397889,0,0.91746,0,0,1,0,0,-0.91746,0,-0.397889,0,14.5669,0,-2.85,1|
0.682224,0,-0.731149,0,0,1,0,0,0.731149,0,0.682224,0,14.1133,0,-5.94128,1|
0.682224,0,-0.731149,0,0,1,0,0,0.731149,0,0.682224,0,14.1133,0,-5.94128,1|
0.682224,0,-0.731149,0,0,1,0,0,0.731149,0,0.682224,0,14.1133,0,-5.94128,1|
0.56|4.54|9.18002|-0.12|12.6201|2.3|0.5|
0.56|4.54|9.18002|-0.12|12.6201|2.3|0.5|
0.56|4.54|9.18002|-0.12|12.6201|2.3|0.5|
-0.397889,0,0.91746,0,0,1,0,0,-0.91746,0,-0.397889,0,14.5669,0,-2.85,1|
0.682224,0,-0.731149,0,0,1,0,0,0.731149,0,0.682224,0,14.1133,0,-5.94128,1|
0.682224,0,-0.731149,0,0,1,0,0,0.731149,0,0.682224,0,14.1133,0,-5.94128,1|
0.682224,0,-0.731149,0,0,1,0,0,0.731149,0,0.682224,0,14.1133,0,-5.94128,1|
0.56|4.54|9.18002|-0.12|12.6201|2.3|0.5|
0.56|4.54|9.18002|-0.12|12.6201|2.3|0.5|
-0.397889,0,0.91746,0,0,1,0,0,-0.91746,0,-0.397889,0,14.5669,0,-2.85,1|
0.682224,0,-0.731149,0,0,1,0,0,0.731149,0,0.682224,0,14.1133,0,-5.94128,1|
0.682224,0,-0.731149,0,0,1,0,0,0.731149,0,0.682224,0,14.4642,0,-5.61381,1|
0.682224,0,-0.731149,0,0,1,0,0,0.731149,0,0.682224,0,14.4642,0,-5.61381,1|
0.975903,0,-0.218231,0,0,1,0,0,0.218231,0,0.975903,0,14.5566,0,-5.26641,1|
0.975903,0,-0.218231,0,0,1,0,0,0.218231,0,0.975903,0,14.609,0,-5.0322,1|
0.84726,0,-0.531189,0,0,1,0,0,0.531189,0,0.84726,0,14.609,0,-5.0322,1|
0.738473,0,-0.674292,0,0,1,0,0,0.674292,0,0.738473,0,14.609,0,-5.0322,1|
0.488875,0,-0.872361,0,0,1,0,0,0.872361,0,0.488875,0,14.609,0,-5.0322,1|
-0.0890859,0,-0.996031,0,0,1,0,0,0.996031,0,-0.0890859,0,15.0079,0,-5.04986,1|
0.56|4.54|9.18002|-0.12|12.6201|2.3|0.5|
0.56|4.54|9.18002|-0.12|12.6201|2.3|0.5|
0.56|4.54|9.18002|-0.12|12.6201|2.3|0.5|
1.02|4.78|9.18002|-0.12|12.7801|2.3|0.5|
-0.397889,0,0.91746,0,0,1,0,0,-0.91746,0,-0.397889,0,14.5669,0,-2.85,1|
-0.397889,0,0.91746,0,0,1,0,0,-0.91746,0,-0.397889,0,14.5669,0,-2.85,1|
